111· , ιι 1010111011111101111010111111 1 11101 ,111

111. ¹⁰⁰) 611 111111 11111 0111 1111111111 gemuit, 111 111 111 1111111111 1111111) 1111011111 1111101111, 111
1111 11111111111111111,11 11111111111111111111111
1111111111,111111111101111111111111113111111 110111111111) 8 ὓ ⁸
1101 01111) Qun 11111111 10111111, 2) 1011 0011111111 11111 1111111111 101111 1111111111 011 111 1110111111
niano 101111111110111111, 1111 11 11111 111111, 111111 11 111111 1111111111 111 111 101111 101110 11111, 5011111)
1111011111311111111011,10111)11111111111011 111 11111111 11111ἃ111111) 11111111111111)111)1,11) got 1111011111
111110111111111111, 0011111101 111 3111111101, &a 011 11111 1111111111 1111111111111111,11)1011111011
110 0101111101 0111111. 111111,111101101 011111 00111111 1111111 10111111 1111)
111111 11111111 111 111 1111111111 1111111111 0011 11111111101111111,17)111 00111111, 111 mun 11011
11111) 1011 1111111 1111 31 01111 0011111101 111101) 11111111110111111 11111113) 111101111111111111111.
111 1111110111 111) 11101111 geben, 11111111 01111111 gu 011111110111111 01111111311111111111111,οἰ1
1111111, 011 01111111 1111) 011111111101111011111 111 1111111111 1101111111011111.11) 0111111110111111
[1111111 111111. 01111) 11111111 0111111 11111 11111111 111) 11111111011111110) 111 111 11111111, 011 10111111
1111111 11111, 111 man Su 11111111 0111 0111111 1111, 1110 111111, 111 1111111111 11111111101111, 1111 101121)
1011 {ein 10110110 31 1111 11111111 01111111, §Due 1111 1111 1111 1111111 11110111111 1101111 1111 sein 1111111
101111,10111111111111111111111101,1011011111111,10 1111111 11111111) oum 1111111 wie mun2³) 1100111
1111 10111, 1011311111 1111111, 11 100 11111 01111110) 0111111111100 111) 11111 11111114) 1111111111 11126)
11111111 31 111 1111111111. 4) 11011110111111011· 011111111111011111111111101111111111011111111111
1111111ἳὲ111 111111111111111,ἶῖ 1111111111111111111 1111111111ῗὲ
1111111 011 1111111111 101111 11111, ⁶) 111 11101111 8011111, 1111011111, 111111011111101111 1111118) 1111111111,
011111111111111111, 11111) 1111117) 1011111 0101111111 31 1111111119) 011 11111111 1111011110
0111111111111111111111111111111, 0011111111 111. 01131011111111111001 11101111 01111111, 111
91111011111111111111, 0111111111, 111 111 0011011111 1011 1111111111 31111001111101 11001111 1111111111
1011111111 11111111110111111,8) 0111011111 11111111 1011 111111 11111111 111111 001 1011110111 germen, 101111
nicht 1111111111) 11110 1111110131 111 (10111110 001 1111111) 0010111101111011 1111111 0111111 0011111111
1101111111 11111111 11111111) 1011111110)

m

diction 1101111111 1110111011 1111111, 1111111 111111 111 'm new 1011111 1110111111 - 111111110οΜ 0111110019
11111111 11111111, 11111111011110111 1111110 11010, 101011 1.), mltum 01111·

100) eumaeum} 00111 0111111110 111111, W imur '³⁸ Μ ΨΜ Aput.

· 1)011111111111-31131111111110101111.)0011161111111 ¹¹) ⁹²¹¹ '¹¹⁰⁰ “¹¹“ f‘ml ⁰⁰²¹·2ffl ¹¹¹⁰ss ’1111111 111 11111

1111111111111111 0111811111111 1110111, 0111 111 1111110 111 12) ‘¹¹⁶ fflst‘nr 111111 “W W ultim] ⁸⁶⁸ ⁰⁰⁰¹· dm·

11) 011101111 11111, 111 111111111111 111111, 1³) 1110111011.) 00111 1111111111,
,1)11111111 0111111111 14) 111 11 111 notium 101111 1111111, 11111] 00111111111111
1) 1111 11 1111 111111 - 1111111111 0011111] 1011 01 coel. 11- 011ῑο 1100 1ῑο lut ῧῑῑῑῦῐῑῐῑι W
. 1111. 11) 111101] 00111 1111,

4)θ1111111111113111111 G. - 311 111 11111111] 00111 10) 111 0111111111 8111111111 1111111111 0111110111111116111111
1111111111101111 0011111100 111111 111111, 111 1011111 111 11011 81111111,

&Mt 0101 101 ξῢῒ 1110 010111 11110 1110111 &usam 110 11) 01 01111 00111111-11 armum] 00111 0111ὲ111111111111

fgbitgggninnfflffi κῃξιτωῗιη, ξὲηέξιὲεὶξῑτῦῑζζξῑὲιὓ1ῐὲαω11111αυξοἱ1ἔὲ 18)11111111111111111111,111111111111111111 3 (10111 11111111,

m m mm ³¹¹ msa ³²¹⁸ u Μ ὃυῐαπῃῃω “mmm m 1111111111 101 1111 1111111] 00111 1011 1111111111, 1110110111

eveum: Ῐοι1ῦ1ί111111) 011 1101111110) 101111111110101111, ame ¹9) ξςῖυςοέτθῒζὲὶἱιίεζη ΜΗ com mmm „mm maome

0101110) 11111 01111111 0111111- 1111101111111) 00111 2ο) 911111111111111191111100]00013 1111 1ιι 011119111111
11111111 1111111111 mehr 1111) 111111111111111111111 111 11) 1011101111 1011 ,
91111001101113111110110, . 11) 011111] 00111 0111
11111111)110111101110111111101111 1111111101 ’0011 do· 11111111] 00111111110111

1) 1111111 00111 11110 111. {g ἲ11υ11οῗ1ἓε1111111 ‘¹²⁶⁸‘

’1)1111111111ξέἔ111111111011111η111ξιῧξῑιῡέξῶῗΰΐᾷῗῧ 10) 011 1111111111- 1111111111111.) 00111 101111 10110 0111

11111111 1111, 11111 11111111, 1111111111 11 1111111 1111111111, ’1911111111 11111,
101111111111111111111, 01111 111 101111 11 111 1111111 1100 ²⁷) 1110111111 010111 fltsslffil 00111 111 oue 1111111, 1111

111 111111, 10) 11111 10111111 101111 11111] 00111 011111111111111
2) 111111 0111111111, · 19) 30 11111111 001111111110111011 “·
101Ηο1 quoque 1010 additamenti, quod chytr. 1111111 Neque 30)10113111111111111)1- -1111111111111111111 Coela&

w

 

