Ι

919 ΡΗΙΙι. m. Sffllm noenum-ET SYMBOLIGA. 220

1111111111 111 (1111111111 ὓ1111111 111 11111 1111111 111 11111111 11111, 1111111111 6. 131111 11111111, 1111
1111111111111111 111111111111111111
11111111 (11111111111111111111111111 1111111 11111111 1111111111111111-11111 111111, 1111 1111 1111111111
ἓξῗςῖυιῗεὲὃὲῗὲῗῦῗῖιῆξιῴειπξὲἶειξηῗῖἓ ξὲὲηῦίῗὲῗῴῇὲῢίῖἱὲῗ ittuunggdaaetffifwrffl 111 11111111 111111 111 11111
11 11111111. 11111111 1111111111 111111 111 1111111111 111 1111111 1111111111, 11111111 1111111111111111 11 111
11111 111111, 111 11111 11111111 1111111 1111111 1111111, 1111111111 11111111 11111111 1111, 1111 11111 11111111114 111
111 111111 11111111, 1111 11111111 1111111111 111111 11111111111111111111111111111111111111111,1111111111
11111, 111 11111111 11111, 1111111 111111 11111111 111111, 1111 111111.
> 1111111111111111111111,11111111111111111, 1111111111111111,1111111111111111 111
111 11111111 11111 111. 10. 11111111111111111111 1111111111111111, 11111111111111 111 911111 11111
11111111, 111111 11111 11111111 1111111 11111111, 1111111 1111111111111111, 111111 11111, 111 1111 111 111, 11111
Ε. 13111111, 1111111111111111, 111111111111111111111 ’11111 1111 11 111111, 111 111111, 111 1111111111, 111111
11111111, 1111111 (1111, 11111111 1111 111111 11111111 111111111111111.
11111111111111111111111114. 111111 et 11 11111111111111111111111111111111111111 11
111 1111111111 1111111, 1111 1111 1111111 11111, 111 111111111111111111111, 11111111 1111 111111 1111111111.
1111111 111111ῂ1111, 11111 1111111 eud) 111 1111111 111111 111111 et 111 111111 111 1111111111 11111111, 1111111 ,
11111111 11 11111111 111111111111111111111111 111 1111111 11 111111 111111111111111111111111111
111111. · 11111,111111111111111111111111111111111111. 111
&a 1111 111 1111111111 111111 1111111 1111111, 11 11111111111111111111111111111111111111111111111. 11111
1111111111 111 1111111111 11111111111111111111 1111111111 111 1111111 131111 1111111111 111 111 111111
1111111111111111111111,1111111111111111111111. 1111111111, 1111 1111 11111 11111111 11111111 1111111111
1111111111111111111111111111111111111111111111 111111111111111111111111111111 1111111111, Α,
11111, 111 1111111111111111111111111111111111 l. 111. 14. 11 11111 111, 11111 111 111 111, 11 11111111 1111.
m 11111111111111111 11111 11111111. 11111111 111 1111111 1111 111111 11111111 11111111 1111111, 111111
et 111 11111111 11111111 111 1111111111 (11111111 111 111 11111111 111111111111111111111 1111 1111111111.
= 111111 1111111111. 13. 1111 11111111 11111 11111 111 11111 (11111111 111111. 11. 111 11111111 1111111111111
111111111111111,111111111111111111111111111111 11111111 1111111111, 1111111 111111 11111, 1111111 111111
11111111. 1111111 (11111 111, 11111111 1111111111. 7. 11111111 111.
611111 1111111 111 61311111 11111111, 11 11 11 1111 1111111111. 111-11111111, 1111111 11111111. 11111·
1111 111111 111111111111111111111111111, 111 111 1111111 jt 1111111111 11111 1111 11111 1111111 1111111,
111111 11111 11111111, 111111 11111111, 111 11111111, 111 11111111 1111111111111111111111111 11111 1111
11111111111111111111111, 111 11 111 (11111111 1111 1111111. 11111 11111111111111111111.1. 1111111
1111111111, 111 1111 111 111111 1111111111 111111 111111111111111111111111111111111,1111111111
Ι 111114111111111111111111111.111.6.1111111 1111,111111111111111111111111. 11111 1111111111
111 1 1 1 1 1111111111
⁰ · · 1
1111 1111111111 11111111. 611111 111 111111 111 11111111.
11111111, 1111111 lt 1111111 11111111 1111111111 11111111 11111 11111 1111111111 1111111, 11111111111111
111111111111111111111111. 1111111111 1111111 11111111 1111, 11111111111111111111111111,11
· 11111111116111111111111111, 111111111111111111 1111111 (1111 1111111 1111111 11111111, 111 311111
11 111111111111ή 11111 111111 ¹²
1111111111 1111111111 111111 1112111111εὲ »erflssteffigtbffss 111 1111Θ 111011119 muln 111111, 11ἰὲ 111111 1111111111
111 111 1111 1111 111111 1111111111 11111111 1111111 111 11111111 1111111111, 111 1111111 111 1111111 1111111111
1111, 11111111 1111111 11111111 1111111111111111111 11111111 1111 1111111111 111 1111111, 11111111 11111111
1111 1111111111. 1111111111 111 1111 11111111 111111, 111 1111111111111111111111111111. . .
1111111 1111 1111111 1111 11111 11111111 11111. uun 11111111 111111 1111111111 111 6· 11111111. 11111
11 111 1111 1111111 11111111 11111 11111, 11 Ι 1111111 111111111111111, 1111111 1111 111111, Lm· 4.

111 111 11111111111111 11111111 1111 1111111 11111111 1111111111 1111 111 Ι11111111, 1111111111 111 1111111111

1111111111. 1111111111 11111 11111111111111 1111, et 1111111111,111111111111111111111111,11111111111 1·

111 111 1111111 111111 111111, 1111111 111111 111111111 1111111111111111 111, 111 61111111 1111111111, 111
1111111111, 1111111 111111 1111 1111111111. §omn matut 111111 111 111. ’.1111111111 1111 1111111 111

, 1111 11111111111111 111111,11111111111111,1111111 1111111111111111,111111 1111111111111111,111111

δ. 1111111 1. 11111. 1. 1111 111 1111 111 111 11111111 1 111 1111 1111111111 111 1111111 11 111111 111 111111 1111111.

 

