395 . ’ PHlL. MEL. SCRIPTA DOGMATIGA Er svmssorrcr. ι ³oe

-OVI, p. 187-409.11111111111111111 De 11111111αῆ1111, qualis 11 111111111111-0 1111111111 15111111 rna·
1111111 med„ ubi hic articulus 11111111, usque ad ror. 0 11 extr. 11111111111111 1111111111 pagrum nu·
gugissasssirgsaerrgino adscrtptis. - His plagulis ab ipso denuo editis 11 sare. VII. p. 356 mod· - 359. hm

„fflngflgrgbb 111 111111 111111. 11111111. 1111111111 11 1111111οεί111. 0. 1111111 1111111111111 11111.
111 1.

111111, 1111111111 11 1111111, 1111111111111111111111111 111111 11111111 111 11111111111 ’1111111111 111,
111111 111 1111111111, 1111111111 Ge. Rhaw 1531. 4. 111111111111111111161111111111111111111111111 1111 1111111111,
111 111111111111111111111 1111111111 11 &t 61111111111311. 61111. 1111111 1111111111, 1111111 1111111111 1111·
1111111 1111111111111111. 31 1111111111 111111 11111111 1111111111 11111 11111111111111111 11111111111111111 11111 111
1111111111, 111111111111111111111111111111111 1111111111111 1111111111111 111 1111111 *1111111111 111 11111 11111
11111111111111111 1111111111, 11111111 1111111 1111, 111 111111111111111 1111111111 11111111. 6111 1111111. Dr.
, 1111111111 11 11111111 11111 elne 11111111 11111, 111 11 1111 3111111, 11 11111 1111111111 111111, 111 1111 1111 111111·
11111111111111111111. 111111111111111111111111111111111111111111111111 11111111111.,111111 1111111111
111 1111111111 111111111111111111111111 1111111 111111 111111 (11 4. &t 111 1v. 1111111), 1111 1111 1111111 111111
1111111111111,111 11111111 11111111, 111111 111 MS. 1111111111 1111111 111111111111111.”) 111111 neophitus Siu-
cems (111. 3. 61111111) 111111 11111 ’8111111111 6111111, 1111111111111111111111111111111-11111111111. rar.
(1111. 11. 1111411111. 316111. 11111 11111111. 11111 1111 D. 1111111111, (1111111111 1111 6111111111 111
111111111111111111111111111111111111111111111111 11111111 1111111111 111 11111111 1111 111 31111 1769. 1111 be.
11111111 11111 Μ. 1711111111 1111111, 111 1111111111 111 11111111 111 ’11111111 111 111111111111 1111111 1111
1111111111111111111111111111,11111111 11 111111 1111111111 111 111111111111111111· 111 1111111111111, 111 §Bm
1111111111 1111111111 111111, 1111 1111111 5. 8111. 1771.,11111111111111 111 111 111111 11111 11111111 11111 1111111111
111 1111111111111 111 11 1111111111111111111 11111111, 111111 11111111111111111111 1111111 11 1111111111, 11 1111 11111
111 6111 1111111 111, 11111 1111 11111111 11111111 1111 Μ. 11111111 1111 111 1111113111 11111111 1111111111
61111111 1111 111111111111) 111 11111111111111111111111111 1111111 111111 11111111111111 1111 111111 11111111 111111

1111 1111.

11111111111111111111111111 111111 111111 111111 11 11111, 11111111 1111 111 111111 11111111 1111111111
11111111111111111111111111111111 111111 1111111111111111111111 11111111 111 111111111111 111 111111111111
111111 11111111 111 6111111111 1111111111.

3111111111 1111111111*- 111 111 11111111111111 1111 1111111. 11 111 1111111111111 1111 1111
1111111111111111,1111111111111111111 1111111111111111 1111111 4111 61111 1111111113. 11111- 111 111
1811131111111111111111111111 111111111111111 1111111111 11111111ῤοί111 111 111 11111111 111111 111 15
111111 11111111 311111. 1111111111 111111 11111 1111111111 11115112 11111111 11 811111 11111111 1111111111 111 .
111111111111111111111111111111 1111 1111111111. 11111111111111111 111111 11111 61111 1111 111111
1111 1111111111 111 Ad 1111 modum primo 11111 111 consensio 11 apologia„ Quinque paginae 1111111111,
1111111111. ιιι. 1.(11111 Philippo 11111111111111 tamon 111 alligari, 11 posuit 11111, quid existimaverit·
mutandum: 11 11111111111111 11111, 111 11 sex paginae (1111 11111111111111111)1111111111. 1111 1111 1111111111
1111111 1111. 11111111111111111111111111111111111111111111181111 11 11111111 1111, 1111 111 111111111111111
1111 1111111111111 1111111 1111. 11111111111111111111111111111111, 11111 11 111111 61111111 1111 11111111 1111 111
1111111111111111111111 6111111111111111111 1111111111 11111111 1111 11111111 11111 1111. bem 1111111 111111111111
1111 11111 111111111111 11111111111111,1111111 1111111111 111 11111111111111111111 1111111 1111,111111111111 11 11111
1111111111 (111111111111111111111111111 1111 1111111 1111111111 1111111111 111 11111 111 1111111111, 1111111111 1111.1

Haec 1111111111 partim rarioribus eo (11111111 hle attuli, 1111111111 111111, quae 1111111111111 Apologiao
amplioris aMelanth'ono abolitis 11111111 sunt, deinceps legant atquo exemplum Norimhergensffi in quo solo 1111
11111111 inventae 1111, propius cognitum 11111111 “

*1 1111111111 1111111111111111111 11111ηῶ1111 numeris caroffi 11 'lgm 111111 magisterlffi 1111 qtrrloque¹ prgrmuerrutm [rdi-
11111111. ..11111111 1111111111 111, 1111111111... ...11111111·ν 1111111111·
lineae 111 ln margine signatae 111111 1111 illarum 1111111111 ordiatur. ’

··) 1111111 rantum ex 1111111111 1111 »erm enim 111111 1111111 extremum, 11 contraeas, 1111 11 11111 1 11 une· 1111111 11 ln
m) fflffmffioffffissfflmm ln 1111 11111 evulsum 1111, 1111111111 lpse 1111111111 111111. 11111111. st. 1.
1)· · ⁰ · · · · · ’

 

